% M0521009-Alfiki Diastama Afan Firdaus

a = [3 5 7]
b = [3 5 7; 9 11 13]